0
0.0645161
88.9032
5.6129
1.77419
1
0.419355
0.225806
1.83871
-0.0322581
-0.483871
-0.258065
-0.451613
-0.193548
1.70968
2.64516
0.0645161
0.290323
0.225806
0.0967742
-0.354839
0.580645
-0.0322581
0.0645161
0.516129
0.354839
-0.193548
-0.258065
0.677419
-0.290323
-0.225806
-0.0645161
0
-0.354839
0.0322581
-0.0322581
-0.387097
-0.193548
0.0645161
-0.0967742
-0.129032
0.258065
0.258065
0.16129
-0.193548
0.0967742
-0.354839
-0.354839
-0.451613
-0.580645
-0.548387
-0.612903
-1.16129
-0.709677
-1.54839
-0.935484
-1.19355
-0.516129
-2.06452
-1.45161
-2.51613
-2.03226
-2.22581
-2.45161
-2.3871
-2.6129
-1.87097
-1.41935
-1.35484
-1.83871
-0.967742
-1.74194
-1.74194
-1.25806
-1.6129
-1.48387
-0.903226
-0.903226
-0.225806
0.0967742
0.258065
0.16129
0.516129
0.903226
0.483871
1.45161
0.903226
1.29032
0.806452
2.41935
1.41935
2.83871
2.29032
2.29032
2.48387
2.74194
2.70968
1.83871
1.70968
1.51613
1.70968
1.19355
1.93548
1.83871
1.3871
1.93548
1.93548
1.25806
1.41935
0.83871
0.322581
0.419355
0.612903
0.322581
0.258065
0.483871
0.0645161
0.16129
-0.0967742
-0.0322581
-0.0967742
-0.193548
-0.193548
0
-0.0322581
0.16129
-0.16129
-0.129032
-0.0322581
0.0967742
-0.129032
-0.16129
-0.387097
0.0645161
-0.258065
-0.225806
-0.322581
-0.419355
-0.258065
-0.16129
-0.0967742
-0.0322581
0
-0.322581
-0.0645161
0.0645161
-0.258065
-0.354839
-0.322581
-0.0322581
-0.0645161
0.16129
0.129032
0.258065
0.0967742
0.0322581
-0.129032
0.0967742
0.193548
0.225806
0.0322581
0.290323
0.193548
0.483871
0.0967742
0.516129
0.354839
0.419355
0.451613
0.354839
0.290323
0.225806
0.322581
0.193548
0.419355
0.322581
-0.0322581
0.322581
0.483871
0.419355
0.258065
0.354839
0.129032
0.225806
0.0967742
0.129032
0.0322581
0.16129
0.16129
0
-0.0322581
0.0645161
-0.16129
-0.419355
-0.225806
-0.322581
-0.354839
-0.387097
-0.645161
-1
-0.258065
-1
-1.19355
-2.25806
-0.258065
-0.290323
0
0.0322581
-0.258065
-0.0645161
-0.0967742
-0.0322581
0.0645161
-0.0967742
0.0322581
0.0322581
0.0645161
0.193548
0.0645161
-0.0645161
0
0.129032
0.0322581
0.290323
0.645161
0.322581
0.387097
0.387097
0.387097
0.645161
1
0.290323
1.03226
1.29032
2.32258
0.258065
0.322581
0.0322581
0.0322581
0.290323
0.129032
0.0645161
0.129032
0
0.0967742
0
0.0322581
0
0
0
0.129032
0.0322581
0
0
0
-0.0322581
0
0
-0.0645161
0
0
0.0322581
0.0645161
0.0322581
-0.0322581
-0.0322581
-0.0322581
0
0
0.0322581
0
0
0.0322581
0
0
0
0
0
-0.0322581
0
0
0
0
0
0
0
0.0322581
-0.0322581
-0.0322581
0.0322581
0
0
0
0
0
0.0322581
0.0322581
0.0322581
0
0
0
-0.0322581
0
0
0
-0.0322581
0
0
0
0.0322581
-0.0322581
0
0
-0.0322581
0
0
0
0
0.0322581
0.0322581
0.0322581
0
0
0
0
0
0
0
0
0
0
0
0.0322581
0
0
0
0.0322581
0
0
0
0
0.0322581
0
0
0.0322581
0
0
0
0
0
-0.0322581
0
0
0
0
0
0
0
0
-0.0322581
0
0
0
0
0
-0.0322581
0
0
-0.0322581
0
0
0
0
0
0
0
0
0
0
0
-0.0322581
0.0322581
0
0
0
0
0
0
0
-0.0322581
0.0322581
0
-0.0322581
-0.0322581
0
0
0.0322581
0
-0.0645161
0.0322581
0
0
0
-0.0322581
-0.0322581
-0.0322581
0
-0.0322581
-0.0322581
-0.0322581
0
0.0322581
0
0
0
0
0
0
-0.0322581
0
0.0322581
0
0
0.0322581
0.0322581
0
0
-0.0645161
0
0.0645161
0
0
0
0
0
0.0322581
0
-0.0645161
0.0322581
0.0322581
0.0322581
0
0
0
0
0
0
-0.0322581
0
0
0
0
0
0
0
0
0
-0.0322581
0.0645161
0
0
0
0
0
-0.0645161
0.0322581
-0.0322581
0.0322581
0.0645161
0
0
0
0
0
-0.0322581
-0.0322581
0
0
0.0322581
0
0.0322581
0
0
0
0
0
-0.0322581
0
0
0
0
0
0
0
0
0.0645161
0
0.0322581
0
0
-0.0322581
0
-0.0322581
-0.0322581
0
0.0322581
0
0
0
-0.0322581
0
0
0
0
0
0
0
0.0322581
0
0.0322581
0
0
0
0
0
0
0
0
0
0
0
0.0322581
0
0.0322581
0
-0.0322581
0
0
0
0
0.0322581
0
0
-0.0322581
0
0
0
0
0
0
0
0
0
0
0
0
0
0
0
0
0
0
0
0
0
0.0322581
0.0322581
0
0
0
0
0
0
0
0.0322581
0
0
0
0
0
0
0
0
0
0
0
0
0
0
0
0
0
0
0
0
0
0
0
0
0.0322581
0
0
0
0
0
0
0
0
0
0
0
0
0
0
0
0
0
0
0
0
0
0
0
0
0
0
0
0
0
0
0
0
0
0
0
0
0
0
0
0
0
0
0
0
0
0
0
0
0
0
0
0
0
0
0
0
0
0
0
0
0
0
0
0
0
0
0
0
0
0
0
0
0
0
0
0
0
0
0
0
0
0
0
0
0
0
0
0
0
0
0
0
0
0
0
0
0
0
0
0
0
0
0
0
0
0
0
0
0
0
0
0
0
0
0
0
0
0
0
0
0
0
0
0
0
0
0
0
0
0
0
0
0
0
0
0
0
0
0
0
0
0
0
0
0
0
0
0
0
0
0
0
0
0
0
0
0
0
0
0
0
0
0
0
0
0
0
0
0
0
0
0
0
0
0
0
0
0
0
0
0
0
0
0
0
0
0
0
0
0
0
0
0
0
0
0
0
0
0
0
0
0
0
0
0
0
0
0
0
0
0
0
0
0
0
0
0
0
0
0
0
0
0
0
0
0
0
0
0
0
0
0
0
0
0
0
0
0
0
0
0
0
0
0
0
0
0
0
0
0
0
0
0
0
0
0
0
0
0
0
0
0
0
0
0
0
0
0
0
0
0
0
0
0
0
0
0
0
0
0
0
0
0
0
0
0
0
0
0
0
0
0
0
0
0
0
0
0
0
0
0
0
0
0
0
0
0
0
0
0
0
0
0
0
0
0
0
0
0
0
0
0
0
0
0
0
0
0
0
0
0
0
0
0
0
0
0
0
0
0
0
0
0
0
0
0
0
-0.0322581
0
0
0
0
0
0
0
0
0
0
0
0
0
0
0
0
0
0
0
0
0
0
0
0
0
0
0
0
0
0
0.0322581
0
0
0
0
0
0
0
0
0
0
0
0
0
0
0
0
0
0
0
0
0
0
0
0
0
0
0
0
0
0
0
0
0
0
0
0
0
0
0
0
0
0
0
0
0
0
0
0
0
0
0
0
0
0
0
0
0
0
0
0
0
0
0
0
0
0
0
0
0
0
0
0
0
0
0
0
0
0
0
0
0
0
0
0
0
0
0
0
0
0
0
0
0
0
0
0
0
0
0
0
0
0
0
0
0
0
0
0
0
0
0
0
0
0
0
0
0
0
0
0
0
0
0
0
0
0
0
0
0
0
0
0
0
0
0
0
0
0
0
0
0
0
0
0
0
0
0
0
0
0
0
0
0
0
0
0
0
0
0
0
0
0
0
0
0
0
0
0
0
0
0
0
0
0
0
0
0
0
0
0
0
0
0
0
0
0
0
0
0
0
0
0
0
0
0
0
0
0
0
0
0
0
0
0
0
0
0
0
0
0
0
0
0
0
0
0
0
0
0
0
0
0
0
0
0
0
0
0
0
0
0
0
0
0
0
0
0
0
0
0
0
0
0
0
0
0
0
0
0
0
0
0
0
0
0
0
0
0
0
0
0
0
0
0
0
0
0
0
0
0
0
0
0
0
0
0
0
0
0
0
0
0
0
0
0
0
0
0
0
0
0
0
0
0
0
0
0
0
0
0
0
0
0
0
0
0
0
0
0
0
0
0
0
0
0
0
0
0
0
0
0
0
0
0
0
0
0
0
0
0
0
0
0
0
0
0
0
0
0
0
0
0
0
0
0
0
0
0
0
0
0
0
0
0
0
0
0
0
0
0
0
0
0
0
0
0
0
0
0
0
0
0
0
0
0
0
0
0
0
0
0
0
0
0
0
0
0
0
0
0
0
0
0
0
0
0
0
0
0
0
0
0
0
0
0
0
0
0
0
0
0
0
0
0
0
0
0
0
0
0
0
0
0
0
0
0
0
0
0
0
0
0
0
0
0
0
0
0
0
0
0
0
0
0
0
0
0
0
0
0
0
0
0
0
0
0
0
0
0
0
0
0
0
0
0
0
0
0
0
0
0
0
0
0
0
0
0
0
0
0
0
0
0
0
0
0
0
0
0
0
0
0
0
0
0
0
0
0
0
0
0
0
0
0
0
0
0
0
0
0
0
0
0
0
0
0
0
0
0
0
0
0
0
0
0
0
0
0
0
0
0
0
0
0
0
0
0
0
0
0
0
0
0
0
0
0
0
0
0
0
0
0
0
0
0
0
0
0
0
0
0
0
0
0
0
0
0
0
0
0
0
0
0
0
0
0
0
0
0
0
0
0
0
0
0
0
0
0
0
0
0
0
0
0
0
0
0
0
0
0
0
0
0
0
0
0
0
0
0
0
0
0
0
0
0
0
0
0
0
0
0
0
0
0
0
0
0
0
0
0
0
0
0
0
0
0
0
0
0
0
0
0
0
0
0
0
0
0
0
0
0
0
0
0
0
0
0
0
0
0
0
0
0
0
0
0
0
0
0
0
0
0
0
0
0
0
0
0
0
0
0
0
0
0
0
0
0
0
0
0
0
0
0
0
0
0
0
0
0
0
0
0
0
0
0
0
0
0
0
0
0
0
0
0
0
0
0
0
0
0
0
0
0
0
0
0
0
0
0
0
0
0
0
0
0
0
0
0
0
0
0
0
0
0
0
0
0
0
0
0
0
0
0
0
0
0
0
0
0
0
0
0
0
0
0
0
0
0
0
0
0
0
0
0
0
0
0
0
0
0
0
0
0
0
0
0
0
0
0
0
0
0
0
0
0
0
0
0
0
0
0
0
0
0
0
0
0
0
0
0
0
0
0
0
0
0
0
0
0
0
0
0
0
0
0
0
0
0
0
0
0
0
0
0
0
0
0
0
0
0
0
0
0
0
0
0
0
0
0
0
0
0
0
0
0
0
0
0
0
0
0
0
0
0
0
0
0
0
0
0
0
0
0
0
0
0
0
0
0
0
0
0
0
0
0
0
0
0
0
0
0
0
0
0
0
0
0
0
0
0
0
0
0
0
0
0
0
0
0
0
0
0
0
0
0
0
0
0
0
0
0
0
0
0
0
0
0
0
0
0
0
0
0
0
0
0
0
0
0
0
0
0
0
0
0
0
0
0
0
0
0
0
0
0
0
0
0
0
0
0
0
0
0
0
0
0
0
0
0
0
0
0
0
0
0
0
0
0
0
0
0
0
0
0
0
0
0
0
0
0
0
0
0
0
0
0
0
0
0
0
0
0
0
0
0
0
0
0
0
0
0
0
0
0
0
0
0
0
0
0
0
0
0
0
0
0
0
0
0
0
0
0
0
0
0
0
0
0
0
0
0
0
0
0
0
0
0
0
0
0
0
0
0
0
0
0
0
0
0
0
0
0
0
0
0
0
0
0
0
0
0
0
0
0
0
0
0
0
0
0
0
0
0
0
0
0
0
0
0
0
0
0
0
0
0
0
0
0
0
0
0
0
0
0
0
0
0
0
0
0
0
0
0
0
0
0
0
0
0
0
0
0
0
0
0
0
0
0
0
0
0
0
0
0
0
0
0
0
0
0
0
0
0
0
0
0
0
0
0
0
0
0
0
0
0
0
0
0
0
0
0
0
0
0
0
0
0
0
0
0
0
0
0
0
0
0
0
0
0
0
0
0
0
0
0
0
0
0
0
0
0
0
0
0
0
0
0
0
-0.16129
0
-0.0322581
-0.16129
0
-0.16129
-0.0645161
-0.0967742
-0.129032
-0.0967742
-0.258065
-0.0967742
-0.129032
-0.0322581
-0.0645161
-0.0967742
-0.0645161
-0.0645161
-0.0645161
-0.0967742
-0.129032
-0.0322581
-0.0322581
0
0
-0.0645161
0
-0.0645161
-0.0322581
0
0
0.129032
0
0
0.16129
0
0.16129
0.0645161
0.0967742
0.129032
0.0645161
0.258065
0.0967742
0.0645161
0
0.0645161
0.0967742
0.0645161
0.0645161
0.0322581
0.0645161
0.129032
0.0322581
0.0322581
-0.0645161
0
0.0645161
0
0.0645161
0.0322581
0
-0.0322581
0.0322581
-0.0322581
-0.0322581
-0.0645161
-0.0322581
-0.0645161
0
0
0
0
0
-0.0322581
0.0645161
0.0322581
-0.0322581
-0.129032
0
0
0
0.0322581
0
0
-0.0322581
0.0322581
-0.0322581
-0.0322581
-0.0645161
-0.0645161
-0.0322581
-0.0645161
-0.0322581
-0.129032
0.0322581
-0.129032
-0.0322581
-0.0967742
-0.193548
-0.258065
-0.129032
-0.0645161
-0.419355
-0.419355
-0.0322581
-0.0967742
-0.129032
-0.129032
-0.322581
-0.612903
-0.290323
-0.0645161
-0.290323
-0.16129
-0.322581
0
-0.0645161
0
-0.16129
-0.0322581
-0.0322581
-0.0322581
0.0645161
0.0645161
0.0645161
0
0.193548
0.0967742
0.0967742
0.193548
0.258065
0.0967742
0
0.451613
0.419355
0.0645161
0.0645161
0.129032
0.129032
0.451613
0.612903
0.290323
0.0645161
0.290323
0.16129
0.322581
-0.0322581
0.0322581
0.0322581
0.193548
0.0967742
0.0967742
0.0322581
0
0
0.0322581
0
0
0
0.0322581
0.0645161
0
0
0.0645161
0
0
0
0.0322581
0
0.0322581
0
0
0
0.0322581
0
0
0
0.0645161
0.0322581
0
0
0
0
0.0322581
0
0
0.0322581
0
0
0
0
0
0
0.0322581
0
0
0
0
0
0
0
0
0
0
0
0
0
0
0
0.0322581
0
0
0
0
0
0
0
0
0
0
0
0
0
0
0
0
0
0
0
0
0
0
0
0
0
0
0
0
0
0
0
0
0
0
0
0
0
0
0
0
0
0
0
0
0
0
0
0
0
0
0
0
0
0
0
0
0
0
0
0
0
0
0
0
0
0
0
0
0
0
0
0
0
0
0
0
0
0
0
0
0
0
0
0
0
0
0
0
0
0
0
0
0
0
0
0
0
0
0
0
0
0
0
0
0
0
0
0
0
0
0
0
0
0
0
0
0
0
0
0
0
0
0
0
0
0
0
0
0
0
0
0
0
0
0
0
0
0
0
0
0
0
0
0
0
0
0
0
0
0
0
0
0
0
0
0
0
0
0
0
0
0
0
0
0
0
0
0
0
0
0
0
0
0
0
0
0
0
0
0
0
0
0
0
0
0
0
0
0
0
0
0
0
0
0
0
0
0
0
0
0
0
0
0
0
0
0
0
0
0
0
0
0
0
0
0
0
0
0
0
0
0
0
0
0
0
0
0
0
0
0
0
0
0
0
0
0
0
0
0
0
0
0
0
0
0
0
0
0
0
0
0
0
0
0
0
0
0
0
0
0
0
0
0
0
0
0
0
0
0
0
0
0
0
0
0
0
0
0
0
0
0
0
0
0
0
0
0
0
0
0
0
0
0
0
0
0
0
0
0
0
0
0
0
0
0
0
0
0
0
0
0
0
0
0
0
0
0
0
0
0
0
0
0
0
0
0
0
0
0
0
0
0
0
0
0
0
0
0
0
0
0
0
0
0
0
0
0
0
0
0
0
0
0
0
0
0
0
0
0
0
0
0
0
0
0
0
0
0
0
0
0
0
0
0
0
0
0
0
0
0
0
0
0
0
0
0
0
0
0
0
0
0
0
0
0
0
0
0
0
0
0
0
0
0
0
0
0
0
0
0
0
0
0
0
0
0
0
0
0
0
0
0
0
0
0
0
0
0
0
0
0
0
0
0
0
0
0
0
0
0
0
0
0
0
0
0
0
0
0
0
0
0
0
0
0
0
0
0
0
0
0
0
0
0
0
0
0
0
0
0
0
0
0
0
0
0
0
0
0
0
0
0
0
0
0
0
0
0
0
0
0
0
0
0
0
0
0
0
0
0
0
0
0
0
0
0
0
0
0
0
0
0
0
0
0
0
0
0
0
0
0
0
0
0
0
0
0
0
0
0
0
0
0
0
0
0
0
0
0
0
0
0
0
0
0
0
0
0
0
0
0
0
0
0
0
0
0
0
0
0
0
0
0
0
0
0
0
0
0
0
0
0
0
0
0
0
0
0
0
0
0
0
0
0
0
0
0
0
0
0
0
0
0
0
0
0
0
0
0
0
0
0
0
0
0
0
0
0
0
0
0
0
0
0
0
0
0
0
0
0
0
0
0
0
0
0
0
0
0
0
0
0
0
0
0
0
0
0
0
0
0
0
0
0
0
0
0
0
0
0
0
0
0
0
0
0
0
0
0
0
0
0
0
0
0
0
0
0
0
0
0
0
0
0
0
0
0
0
0
0
0
0
0
0
0
0
0
0
0
0
0
0
0
0
0
0
0
0
0
0
0
0
0
0
0
0
0
0
0
0
0
0
0
0
0
0
0
0
0
0
0
0
0
0
0
0
0
0
0
0
0
0
0
0
0
0
0
0
0
0
0
0
0
0
0
0
0
0
0
0
0
0
0
0
0
0
0
0
0
0
0
0
0
0
0
0
0
0
0
0
0
0
0
0
0
0
0
0
0
0
0
0
0
0
0
0
0
0
0
0
0
0
0
0
0
0
0
0
0
0
0
0
0
0
0
0
0
0
0
0
0
0
0
0
0
0
0
0
0
0
0
0
0
0
0
0
0
0
0
0
0
0
0
0
0
0
0
0
0
0
0
0
0
0
0
0
0
0
0
0
0
0
0
0
0
0
0
0
0
0
0
0
0
0
0
0
0
0
0
0
0
0
0
0
0
0
0
0
0
0
0
0
0
0
0
0
0
0
0
0
0
0
0
0
0
0
0
0
0
0
0
0
0
0
0
0
0
0
0
0
0
0
0
0
0
0
0
0
0
0
0
0
0
0
0
0
0
0
0
0
0
0
0
0
0
0
0
0
0
0
0
0
0
0
0
0
0
0
0
0
0
0
0
0
0
0
0
0
0
0
0
0
0
0
0
0
0
0
0
0
0
0
0
0
0
0
0
0
0
0
0
0
0
0
0
0
0
0
0
0
0
0
0
0
0
0
0
0
0
0
0
0
0
0
0
0
0
0
0
0
0
0
0
0
0
0
0
0
0
0
0
0
0
0
0
0
0
0
0
0
0
0
0
0
0
0
0
0
0
0
0
0
0
0
0
0
0
0
0
0
0
0
0
0
0
0
0
0
0
0
0
0
0
0
0
0
0
0
0
0
0
0
0
0
0
0
0
0
0
0
0
